890 659 804 585 836 445 590 915 362 664
520 588 500 1081 402 554 605 605 293 514
526 645 751 286 1167 679 464 1060 750 327
618 892 1067 601 456 94 813 514 472 943
357 681 363 606 238 425 762 743 342 271
1037 217 1167 324 1075 506 1200 933 333 794
268 267 347 543 794 897 668 1018 429 379
750 257 1161 601 1055 691 299 169 1014 994
361 702 330 1139 877 212 371 410 562 936
928 632 828 755 125 345 763 661 698 685
671 254 882 306 381 421 1247 921 608 666
602 588 396 294 322 351 674 1102 1133 1083
797 1018 198 738 113 851 621 221 262 468
891 1102 445 148 757 597 1012 277 475 612
799 949 742 853 715 1129 1242 913 886 375
749 561 898 537 639 479 433 752 1102 912
1026 1041 425 701 703 474 310 555 386 525
485 532 698 748 749 826 347 1103 682 287
647 839 444 446 884 1249 681 1049 421 166
701 684 1144 574 275 491 769 359 1091 757
245 1001 1080 403 309 572 582 1057 689 439
1015 375 1078 418 88 428 534 835 356 742
866 694 440 100 1174 903 869 788 672 388
679 899 569 921 928 940 758 532 218 958
453 959 1077 443 955 805 371 363 623 832
1039 728 372 321 728 737 1165 570 975 716
197 449 380 988 315 350 265 298 90 1045
274 739 171 466 1018 816 897 280 807 809
588 764 858 579 950 351 810 695 27 1013
492 705 474 914 372 935 978 455 640 817
543 734 1065 959 249 1132 121 639 586 826
796 390 987 898 897 922 866 819 1255 1018
1189 964 277 887 187 649 405 921 855 315
314 550 185 278 231 594 560 909 909 814
528 213 510 487 405 1185 773 907 205 92
1005 886 822 960 776 357 121 428 682 909
400 1113 906 339 1148 1102 693 528 214 503
541 366 394 865 878 756 597 550 1120 900
166 524 597 410 561 217 312 381 338 234
657 1109 401 26 160 400 1134 281 178 782
1100 979 704 976 821 876 499 989 828 790
1041 358 894 534 311 678 376 480 1123 943
1073 831 530 147 367 253 640 858 1066 531
257 875 687 773 994 499 645 905 679 206
437 162 315 613 583 156 330 367 990 922
284 228 657 156 475 955 985 467 668 851
803 413 609 816 48 546 820 1150 474 1202
1040 626 498 1036 984 798 357 480 563 255
223 884 872 894 477 565 430 339 